MH09 Shubham None 24 0 1350 1 2025 4 7 0 0 0 2025 4 8 0 0 0
MH10 Aryan None 0 22 0 0 2025 4 6 0 0 0 0 0 0 0 0 0
MH18 Tanay None 0 30 0 0 2025 4 7 0 0 0 0 0 0 0 0 0
MH20 Alia None 72 0 3750 1 2025 4 5 0 0 0 2025 4 8 0 0 0
MH21 Manav Golden 216 0 11250 3 2025 4 3 0 0 0 2025 4 8 0 0 0
MH24 Hrushikesh None 0 32 0 0 2025 4 7 0 0 0 0 0 0 0 0 0
MH30 Vijay None 0 31 0 0 2025 4 7 0 0 0 0 0 0 0 0 0
MH38 Dhoni Premium 144 0 7350 1 2025 4 6 0 0 0 2025 4 12 0 0 0
MH39 Pooran None 72 0 3750 1 2025 4 6 0 0 0 2025 4 9 0 0 0
MH40 Hardik None 0 21 0 0 2025 4 6 0 0 0 0 0 0 0 0 0
MH41 Pujara Premium 168 0 8595 3 2025 4 6 0 0 0 2025 4 8 0 0 0
MH43 Suryakumar None 72 0 3750 1 2025 4 6 0 0 0 2025 4 9 0 0 0
MH44 Dhawan None 0 23 0 0 2025 4 9 0 0 0 0 0 0 0 0 0
MH45 Adimanav None 24 0 1350 1 2025 4 5 0 0 0 2025 4 6 0 0 0
MH46 Saurabh Golden 216 2 11100 2 2025 4 10 0 0 0 0 0 0 0 0 0
MH47 Rohit None 48 0 2550 1 2025 4 3 0 0 0 2025 4 5 0 0 0
MH48 Kohli Golden 336 1 16950 1 2025 4 5 0 0 0 0 0 0 0 0 0
MH49 Aman Premium 120 0 6150 1 2025 4 5 0 0 0 2025 4 10 0 0 0
MH50 Ayush None 0 28 0 0 2025 4 6 0 0 0 0 0 0 0 0 0
MH59 Arya None 0 29 0 0 2025 4 7 0 0 0 0 0 0 0 0 0
MH63 Vedant None 0 26 0 0 2025 4 6 0 0 0 0 0 0 0 0 0
MH65 Srang Golden 264 2 13350 1 2025 4 6 0 0 0 0 0 0 0 0 0
MH70 Aarohi None 0 26 0 0 2025 4 3 0 0 0 0 0 0 0 0 0
MH81 Subhash None 96 0 4950 1 2025 4 6 0 0 0 2025 4 10 0 0 0
MH84 Sneha None 48 0 2550 1 2025 4 6 0 0 0 2025 4 8 0 0 0
MH89 Vijaya None 96 0 4950 1 2025 4 5 0 0 0 2025 4 9 0 0 0
MH90 Rupesh None 96 0 4950 1 2025 4 6 0 0 0 2025 4 10 0 0 0
